27.4493112	362.2002926	217.9403255
276.3278391	361.4173821	360.5545913
0.3439082	33.0067601	10.3720232
362.1211052	365.7743158	364.3066404
1.3023633	11.8597089	128.5029136
363.3434741	370.5032281	372.2913217
362.4060407	366.9889033	370.8073485
1.9278245	33.2281917	360.5539196
363.5854224	374.8303702	366.2365841
361.0785633	361.8781981	370.6781546
0.7226733	14.6581859	365.3124823
0.4401392	27.8764736	360.1832431
4.6977785	352.2307908	361.5779425
6.9636978	190.4450383	368.5288205
1.4457951	264.844681	92.5674276
22.1951246	360.0549428	372.8736901
363.0284786	368.1991807	373.569597
363.692398	365.9171175	360.9043886
19.4640461	369.5583971	376.3616539
107.5710396	362.5102502	365.3038037
53.4667191	377.4106634	366.0242821
361.6767507	371.4631653	376.119321
13.764744	371.5448858	367.8000271
361.8347742	378.1561406	365.2679911
366.0797408	377.0961189	377.9497926
361.7418333	362.0342825	375.7082205
361.2752802	360.0886539	364.3412414
365.8589573	379.7264549	368.69558
68.7680358	363.4750425	380.6622641
4.8681365	373.495604	374.7368146
124.1896767	378.991588	368.1729498
45.6703716	371.2046344	373.7025446
304.3274051	374.920045	364.9849826
182.7929679	380.2672719	360.0408187
49.4439919	365.0105263	375.0224593
362.4552111	365.3161098	366.5203274
362.3931239	360.949746	361.6703781
364.127113	370.6485282	371.0070401
12.9945104	364.3476567	364.5187709
46.4440678	366.4974394	366.5210053
361.8860225	363.3884275	380.7129224
365.9584189	371.0027436	370.5861219
201.3440298	372.2848066	378.9733806
366.0688139	383.7219645	370.4172457
370.3751802	369.9294412	366.7823257
362.798567	382.6954478	378.0430585
369.6928887	364.8365238	362.2234285
361.5714753	369.5461665	388.3162842
362.513934	361.3920962	384.8824958
367.2493858	385.6171164	389.2176011
364.1922959	363.0092909	387.6311176
370.6263	393.3653711	387.6194062
361.6541973	364.1833609	401.2289985
370.0176485	365.8421803	373.2276038
366.1616367	364.9900268	437.2397299
373.2351235	365.7597334	443.9823011
367.8713346	390.7781671	410.8000848
365.7324481	389.3508679	398.3287152
364.4673492	380.9684681	370.4008185
363.1290931	400.9704003	428.5257087
365.8230681	404.5089959	431.0485932
378.5582477	372.662433	362.7235946
370.6379246	384.1920667	377.4127799
366.5509114	420.6044679	372.0680384
366.5243734	389.499309	374.5935322
384.2224764	419.5702586	371.6397636
377.5180959	362.3507234	488.6415558
388.2386973	377.5915257	375.642694
388.0890048	411.4166791	497.349813
362.483686	387.3503983	405.1177757
370.6535378	373.8808013	417.2470236
378.7436454	412.9923625	434.4934982
367.6040747	388.821558	383.2844051
390.663974	398.7587416	381.4551513
385.3574364	407.3332743	407.316603
375.123048	394.1314407	360.1872893
401.1060617	374.6787575	380.3509745
401.7358925	390.6979447	378.9297329
361.1900697	400.301144	628.0814638
405.3663957	415.2676724	364.4386414
401.2925794	392.4941872	360.0368842
405.7068238	435.2132864	408.3816888
419.2947196	457.2771071	443.8935157
424.1815236	441.8057182	443.6301567
367.6727385	440.5489713	394.0837472
371.5263273	445.5855734	444.8135458
403.0676191	446.6316122	448.5459668
387.4478344	477.4502048	444.5478437
379.4676218	445.3549735	434.8310983
388.6130467	415.0130317	433.0609026
382.5267493	596.6800436	363.4428322
380.1508828	523.1984282	514.1501485
401.6783393	542.974662	595.1131629
415.1882186	462.0008043	407.0555263
424.6072726	506.2117751	409.6420245
425.1440748	536.804289	410.5783646
381.7293576	509.6748954	386.387061
419.0945062	513.5821321	377.0956786
373.2775561	595.9929783	392.0901259
